/*
Return an array consisting of the largest number from each provided sub-array. For simplicity, the provided array will contain exactly 4 sub-arrays.

Remember, you can iterate through an array with a simple for loop, and access each member with array syntax arr[i].
*/

/*
largestOfFour([[4, 5, 1, 3], [13, 27, 18, 26], [32, 35, 37, 39], [1000, 1001, 857, 1]]) should return an array.
largestOfFour([[13, 27, 18, 26], [4, 5, 1, 3], [32, 35, 37, 39], [1000, 1001, 857, 1]]) should return [27,5,39,1001].
largestOfFour([[4, 9, 1, 3], [13, 35, 18, 26], [32, 35, 97, 39], [1000000, 1001, 857, 1]]) should return [9, 35, 97, 1000000].
*/

/*Note: 
    Use Math.max.apply to get largest number from sub-array. Since Function.apply takes the function arguments in an array.
*/
function largestOfFour(arr) {
    var result = [];
    arr.forEach(function(subArr) {
        result.push(Math.max.apply(this, subArr));
    });
    return result;
}